year  month  total_fare    total_surcharge  total_tips   total_revenue
----  -----  ------------  ---------------  -----------  -------------
2015  1      149833717.69  13781346.54      23389691.01  190259256.43 
2015  2      151601258.4   13693873.98      20532722.37  189101538.16 
2015  3      167420643.96  14740630.2       22347875.89  208910202.6  
2015  4      166026889.72  14515297.71      21851831.81  206920672.11 
2015  5      172400541.9   14434651.68      22429156.06  213502502.29 
2015  6      160761765.91  13719088.83      21141287.24  199465783.62 
2015  7      148504220.84  12870173.24      19191999.49  184161109.13 
2015  8      143168081.16  12332742.95      18281979.0   177345540.63 
2015  9      146878783.97  12404175.15      19198212.99  182171095.45 
2015  10     161660800.1   13524080.63      21588084.04  200833944.98 
2015  11     146691220.64  12257942.98      19792921.41  182494019.84 
2015  12     148035775.05  12693623.27      19708985.99  184068964.71 
2016  1      134373114.62  12024403.95      18851740.99  168390829.88 
2016  2      139052741.53  12735033.88      19942710.39  174956014.19 
2016  3      153553440.81  13847064.62      21635679.42  192820978.44 
2016  4      152303650.0   13399131.32      21358653.05  190741418.67 
2016  5      155869915.79  13223075.68      21424273.24  194502788.4  
2016  6      146982878.68  12565822.69      20258268.1   183564421.88 
2016  7      134405192.0   11491508.93      17953563.6   167197526.46 
2016  8      128880143.87  11287983.53      17145017.54  160486528.24 
2016  9      136258151.73  11373130.84      18471768.92  169464244.84 
2016  10     142824761.73  12037588.11      19503607.08  177794957.98 
2016  11     132721886.3   11137397.56      18320603.75  165405008.88 
2016  12     134122322.19  11697359.85      18203582.56  167098249.14 
2017  1      117353147.99  10799614.45      16781630.77  147608275.66 
2017  2      112519780.38  10259603.86      16220902.99  141501230.14 
2017  3      131122583.13  11619660.58      18884021.61  164809130.76 
2017  4      128956316.19  11196994.19      18073775.33  161452535.06 
2017  5      133480788.07  11315020.3       18801326.95  167019163.73 
2017  6      126138839.04  10899856.19      17893262.52  158173231.21 
2017  12     2188.0        245.2            260.53       2741.76      
2018  1      104857676.06  9682377.98       15607963.27  132758377.01 
2018  2      101531321.19  9403501.71       15226360.79  128692790.92 
2018  3      116593437.94  10501842.09      17059557.23  147175330.52 
2018  4      117664774.93  10357102.75      17110567.64  148297614.57 
2018  5      120384117.8   10272949.57      17305078.44  151305776.74 
2018  6      112653471.76  9704416.88       16230567.81  141693195.87 
2018  7      100941656.54  8715628.09       13969567.87  126339412.96 
2018  8      101545908.0   8834557.52       13943863.02  127104551.77 
2018  9      105128574.25  8836280.7        14981417.15  131805948.42 
2018  10     115279660.08  9788889.22       16686833.44  144973060.82 
2018  11     105629920.31  8818731.55       15246055.62  132592923.6  
2018  12     103707638.78  8900798.75       14747126.16  130108780.0  
2019  1      765.0         82.7             135.94       1002.87      
2019  2      214.0         33.0             27.63        276.58       
2019  3      198.0         13.9             28.04        245.7        
2019  4      65.5          13.7             8.73         87.93        
2019  5      93.5          7.0              23.02        129.28       
2019  6      161.0         23.5             7.29         191.79       
2019  9      45.0          4.0              4.26         53.26        
2019  11     65.5          6.5              3.46         75.46        
2020  3      30.5          4.0              4.18         38.68        
2020  8      56.5          1.6              10.41        74.27        
2020  12     26.5          2.6              2.06         31.16        
2021  12     292.0         29.9             60.55        431.2        
2022  1      29351461.72   4157316.19       5469464.67   43786425.37  
2022  2      35811610.43   5052193.31       6891262.61   53595225.84  
2022  3      46245630.96   6198612.13       8885840.12   68882392.5   
2022  4      47447932.92   6088995.59       8946335.74   70093498.65  
2022  5      49214682.21   6080440.99       9219271.75   72222009.57  
2022  6      49021974.65   6027396.34       9045845.27   71678882.03  
2022  7      42563205.1    5293997.78       7761455.78   62440250.59  
2022  8      42783423.03   5265752.9        7739987.51   62688627.49  
2022  9      45034729.79   5351699.31       8358856.43   65752040.31  
2022  10     50913131.27   6111801.36       9585943.8    74661454.02  
2022  11     44710816.37   4962013.25       8493512.73   65702957.5   
2022  12     52467520.35   7017438.56       9560498.98   76491659.87  
2023  1      63.8          10.0             13.9         97.7         
2023  12     144.1         30.0             26.27        224.62       
2024  1      49984698.96   8245633.14       9428736.47   74358335.02  
2024  2      49765706.68   8276550.18       9487425.96   74195097.6   
2024  3      57883283.79   9264595.66       10885221.42  85709524.8   
2024  4      57858573.17   9231918.95       10816115.3   85483127.7   
2024  5      63538065.04   9881631.26       11788640.35  93362345.77  
2024  6      59292278.37   9201300.59       10959589.13  87115638.16  
2024  7      53961006.3    8177522.68       9587477.58   78659939.18  
2024  8      52896679.73   7894925.47       9275336.66   76861557.72  
2024  9      62395029.15   9217745.32       11490292.81  90933708.7   
2024  10     67075507.77   10156052.56      12563202.0   98307491.71  
2024  11     61885130.08   9345476.82       11552544.81  90707510.23  
2024  12     64311182.61   9611505.05       11982637.13  94040846.35  
2025  2      29.6          2.5              8.65         43.25        
2025  3      39.6          5.0              3.28         52.88        
year  payment_type  total_trips  total_revenue
----  ------------  -----------  -------------
2015  Credit Card   91067085     1601421432.5 
2015  Cash          53167764     708701292.06 
2015  No Charge     347238       6500945.86   
2015  Dispute       124518       2610650.04   
2015  Unknown       13           309.49       
2016  Credit Card   85699087     1513247945.74
2016  Cash          43657058     589511443.15 
2016  No Charge     390451       6706744.53   
2016  Dispute       141299       2956547.89   
2016  Unknown       8            285.68       
2017  Credit Card   39524815     688601192.04 
2017  Cash          18575271     245371102.91 
2017  No Charge     223966       4547695.58   
2017  Dispute       69859        2046307.78   
2017  Unknown       1            10.0         
2018  Credit Card   70228729     1231661711.96
2018  Cash          30008383     400541526.27 
2018  No Charge     375350       8691894.81   
2018  Dispute       110669       1952589.03   
2018  Unknown       2            41.1         
2019  Credit Card   96           1475.87      
2019  Cash          50           587.0        
2020  Credit Card   5            99.91        
2020  Cash          4            44.2         
2021  Credit Card   16           328.6        
2021  Cash          7            102.6        
2022  Credit Card   29144322     647891736.58 
2022  Cash          7362987      136101253.03 
2022  No Charge     92148        2075832.84   
2022  Dispute       79027        1926589.48   
2022  Unknown       1            11.8         
2023  Credit Card   11           253.47       
2023  Cash          3            68.85        
2024  Credit Card   29826340     885939391.4  
2024  Cash          5192088      129370985.22 
2024  Dispute       374399       10462849.85  
2024  No Charge     143501       3961896.47   
2025  Credit Card   2            62.93        
2025  Cash          1            33.2         
year  borough        total_revenue  total_fares    total_tips    avg_revenue_per_mile  avg_tip
----  -------------  -------------  -------------  ------------  --------------------  -------
2015  Bronx          1800185.79     1534079.12     110990.03     4.59                  1.03   
2015  Brooklyn       45681240.13    37322851.41    4925404.62    4.87                  1.82   
2015  EWR            141279.81      118720.6       15102.43      12.26                 9.08   
2015  Manhattan      1890989367.74  1517449502.54  204019449.62  5.78                  1.55   
2015  N/A            1953349.66     1636591.58     195950.74     9.56                  4.48   
2015  Queens         345801963.66   278442764.3    36707075.28   3.86                  4.52   
2015  Staten Island  59400.3        46183.66       9042.25       5.45                  6.05   
2015  Unknown        32807843.16    26433006.13    3471732.33    5.45                  1.65   
2016  Bronx          1712336.29     1457267.53     112106.7      4.72                  1.15   
2016  Brooklyn       36901583.08    30070074.46    4044544.29    4.92                  1.86   
2016  EWR            153300.33      127028.39      16560.11      12.7                  9.78   
2016  Manhattan      1715141493.33  1372603491.59  189543662.64  5.88                  1.6    
2016  N/A            1707380.03     1436647.28     167855.65     9.62                  5.3    
2016  Queens         328479758.77   262815409.91   36147531.12   3.9                   4.81   
2016  Staten Island  118788.11      95078.58       12442.58      5.66                  2.15   
2016  Unknown        28208327.26    22743201.51    3024765.55    5.64                  1.76   
2017  Bronx          766372.06      653475.9       46513.06      4.72                  1.03   
2017  Brooklyn       14288858.19    11642589.11    1551926.76    4.98                  1.81   
2017  EWR            70758.13       57509.73       8665.99       11.53                 11.03  
2017  Manhattan      759806039.5    605163456.72   86099120.67   6.0                   1.62   
2017  N/A            647864.43      543373.18      65746.35      10.03                 6.49   
2017  Queens         151398971.7    120670196.0    17357081.12   3.93                  5.12   
2017  Staten Island  33411.47       26107.04       3341.92       5.75                  2.55   
2017  Unknown        13554032.79    10816935.12    1522784.83    5.6                   1.78   
2018  Bronx          2817958.06     2489889.83     96698.53      4.12                  0.84   
2018  Brooklyn       23215342.56    19339241.62    2168002.07    4.74                  1.72   
2018  EWR            119932.41      97063.52       13088.31      11.15                 9.94   
2018  Manhattan      1307246883.33  1038826255.66  150179824.7   6.07                  1.64   
2018  N/A            1055615.53     892918.01      98675.58      9.23                  5.45   
2018  Queens         285402310.71   225999602.12   32918653.33   3.95                  5.24   
2018  Staten Island  100172.5       82313.79       3969.94       4.0                   2.04   
2018  Unknown        22889548.12    18190873.09    2636045.98    5.7                   1.82   
2019  Manhattan      1704.87        1339.0         188.41        6.33                  1.39   
2019  Queens         282.54         203.0          46.5          4.13                  9.3    
2019  Unknown        75.46          65.5           3.46          4.37                  0.69   
2020  Manhattan      144.11         113.5          16.65         4.67                  1.85   
2021  Manhattan      340.53         224.5          41.23         6.1                   1.96   
2021  Queens         90.67          67.5           19.32         3.79                  9.66   
2022  Bronx          1046199.78     931297.52      20549.73      4.62                  0.6    
2022  Brooklyn       4651486.6      3766618.5      436331.49     5.1                   2.39   
2022  EWR            98208.42       79087.35       10504.66      17.53                 11.16  
2022  Manhattan      594967616.11   391978415.99   76783733.51   7.1                   2.34   
2022  N/A            494550.95      411538.53      50592.98      10.86                 9.07   
2022  Queens         173287441.45   128901516.25   20944341.69   4.13                  6.62   
2022  Staten Island  138237.88      111112.06      1272.99       4.28                  0.63   
2022  Unknown        13311682.53    9386532.6      1710948.34    5.06                  3.97   
2023  Manhattan      279.97         174.8          40.17         10.68                 3.09   
2023  Queens         42.35          33.1           0.0           5.05                  0.0    
2024  Bronx          2652759.24     2411980.54     27169.63      4.33                  0.4    
2024  Brooklyn       9674668.3      8480591.06     440849.58     5.44                  1.48   
2024  EWR            51757.9        42326.43       5439.36       13.27                 10.38  
2024  Manhattan      754744252.27   498241828.97   97914979.36   10.11                 3.1    
2024  N/A            508764.47      430331.51      43839.92      9.77                  7.58   
2024  Queens         258864583.35   188987290.25   30977634.65   5.78                  8.96   
2024  Staten Island  27634.18       15757.11       1761.51       4.78                  2.78   
2024  Unknown        3210703.23     2237035.78     405545.61     7.94                  3.82   
2025  Manhattan      96.13          69.2           11.93         10.78                 3.98   
year  annual_revenue  prev_year_revenue  revenue_growth_percentage
----  --------------  -----------------  -------------------------
2015  2319234630.4    NULL               NULL                     
2016  2112422967.33   2319234630.4       -8.917237624825013       
2017  940566308.26    2112422967.33      -55.47452745939275       
2018  1642847763.33   940566308.26       74.66581025735283        
2019  2062.87         1642847763.33      -99.99987443328311       
2020  144.11          2062.87            -93.01410171266244       
2021  431.2           144.11             199.21587676080767       
2022  787995423.71    431.2              182744664.3112245        
2023  322.32          787995423.71       -99.99995909620914       
2024  1029735122.94   322.32             319475924.7393894        
2025  96.13           1029735122.94      -99.99999066458957       
